time,x,y,z,phi,theta,psi,x_velocity,y_velocity,z_velocity,phi_velocity,theta_velocity,psi_velocity,rotor_speed1,rotor_speed2,rotor_speed3,rotor_speed4
0.06,-2.80037798569e-07,-4.68636312102e-08,10.0015516053,6.28310908383,0.000283944678558,0.0,-2.41024790837e-05,-5.05460198362e-06,0.051718721801,-0.00394078527026,0.0128266429129,0.0,420.1289224797322,421.2393011978499,422.09151665009637,421.75137819833924
0.12000000000000001,-1.17737620466e-05,-3.30496586198e-06,10.0107560253,6.28268384382,0.000927671219282,0.0,-0.000442352864412,-0.000141317584595,0.255071137665,-0.0142696893132,0.0061630015175,0.0,468.54520149740694,468.02682049997725,469.22919784526744,468.4269202724964
0.18,-5.7303938855e-05,-2.29404277362e-05,10.0275256396,6.28286942819,0.0011910330214,0.0,-0.00110544753448,-0.000532731746531,0.303903807241,0.0249809455921,0.00058237179889,0.0,420.1089303190968,419.6247722661008,419.2937956592676,422.6894287317781
0.23999999999999996,-0.000152640046537,-5.5942466397e-05,10.0523847613,0.000988128308777,0.00113282883104,0.0,-0.00207117405413,-0.000398168774209,0.524657861327,0.0142859561297,-0.00427157281006,0.0,473.90379156980515,473.53062763859566,474.283339865826,473.4613273333435
0.3,-0.000302590006254,-5.21302282493e-05,10.0897967949,0.00231634282382,0.00045041675012,0.0,-0.00287983204997,0.000656325458684,0.722305437152,0.0344495104371,-0.0319706604742,0.0,467.3442632293684,465.18066370036075,467.29277061819823,468.8617041607476
0.36000000000000004,-0.000478936477186,5.56506844081e-05,10.1408506558,0.00407215172036,6.28240702133,0.0,-0.00280944512706,0.00317879201263,0.979304739007,0.0160819050973,-0.00401049511601,0.0,483.9985265071167,486.09797686722595,485.0897087352364,483.7088303054849
0.4200000000000001,-0.000629081014371,0.000341122642751,10.2042557137,0.00493471249816,6.28185267611,0.0,-0.00215488549049,0.00643721214779,1.13405575189,0.0107252320514,-0.0225653189999,0.0,455.1858913912227,453.69887183116316,455.6081277041647,455.179589009622
0.48000000000000015,-0.000725776139276,0.000832396512063,10.2751853004,0.00643081203921,6.28019704321,0.0,-0.000918469338328,0.0100559821672,1.23016408961,0.0440806663553,-0.0402575504259,0.0,438.3039394519854,436.8309900014169,434.968450977208,437.7527235081985
0.5400000000000001,-0.000710146923452,0.00157907157223,10.3519007918,0.00981227273481,6.27757321113,0.0,0.00169373837438,0.0151457049292,1.32690803727,0.0736284378976,-0.0517807106961,0.0,437.6409819478082,436.67975630046885,436.39094220268527,438.8522355359364
0.6000000000000002,-0.000445428801035,0.00276788893801,10.4401976293,0.0142984376436,6.2742632607,0.0,0.00754359794515,0.0250563728321,1.61594799549,0.0769577437188,-0.0629779767614,0.0,496.2206929555764,495.3963816960625,494.00565232876886,494.25482167754507
0.6600000000000003,0.000218927840807,0.0046046254413,10.5414962654,0.0188697821001,6.27042577343,0.0,0.0150130200362,0.0366637946251,1.7604494574,0.0746065873079,-0.0659932158123,0.0,453.3995474714336,453.1543472865254,453.56446417198464,453.38006860932086
0.7200000000000003,0.0014124066301,0.00723160461857,10.651150823,0.0232335011797,6.26641888308,0.0,0.0251930693,0.0513712160597,1.89447372967,0.068682513452,-0.068405782847,0.0,450.93449293965546,450.7363142679496,450.6709631970226,450.1959256811452
0.7800000000000004,0.00328233775119,0.0108059255783,10.7676635663,0.0273224006259,6.26311657269,0.0,0.0375015463507,0.068184190284,1.98910657324,0.0670585262044,-0.0366934983479,0.0,436.5352260589002,439.1708890801006,439.81503741220916,439.6840737663318
0.8400000000000004,0.00591036664092,0.0154148677552,10.887799398,0.031335899676,6.26091826813,0.0,0.0502989034109,0.0858117241496,2.01535903359,0.0665559656533,-0.036528484575,0.0,417.3364962900713,417.35018769508986,416.5644991491388,416.5242220427393
0.9000000000000005,0.00946591473882,0.021324575583,11.014782826,0.0352775751932,6.25913463335,0.0,0.068440573877,0.111630704604,2.21703039535,0.0639145645456,-0.0187583387542,0.0,472.0320143068959,473.40099733042183,471.4849831853855,471.2838013370786
0.9600000000000005,0.014145841928,0.0288736086377,11.1537673034,0.0396870840166,6.25763187581,0.0,0.0876950663907,0.140474885571,2.41536345907,0.0878595874499,-0.042197163487,0.0,472.55440382589563,470.74409308398947,471.17585386878125,473.0270338559869
1.0200000000000005,0.019945400741,0.0381422064351,11.301684272,0.0448017117839,6.25522837887,0.0,0.105869185788,0.168998914981,2.51495557277,0.0794227970099,-0.0360921910224,0.0,441.82257025463247,442.32476364653223,443.61012274010875,442.9227892257928
1.0800000000000005,0.0268472407233,0.0491675834774,11.4542958418,0.0495202661809,6.25338394234,0.0,0.124378518254,0.198960506843,2.57193865906,0.0770356087561,-0.0217527462683,0.0,428.5240602723422,429.7408423378309,430.1193645303292,429.9223167300543
1.1400000000000006,0.0349857456964,0.0622378405447,11.6134150881,0.0544867808004,6.25201820572,0.0,0.147041483977,0.237228456796,2.73162975716,0.0923050613285,-0.0248616595342,0.0,461.7695303220581,461.52420720746767,461.8921161181268,463.0999341126493
1.2000000000000006,0.0446123157413,0.0778905750735,11.7851944688,0.0601808834193,6.25076146333,0.0,0.173995169248,0.285199601463,2.9936459772,0.0996426909414,-0.0140826650795,0.0,492.94249290812917,493.73840683445883,492.06287289545753,492.61242639727374
1.2600000000000007,0.0558013237309,0.0964126133572,11.9701312992,0.0666351736974,6.25041661386,0.0,0.199018644455,0.332879321824,3.17038367814,0.11997317143,0.00716215589596,0.0,468.9578914099968,470.60529276169456,468.4058761516704,469.9935599388176
1.3200000000000007,0.0684263454664,0.117806380634,12.1635811502,0.0737813216647,6.25107524765,0.0,0.22174708338,0.380963141347,3.27758039163,0.117303381189,0.0176846728959,0.0,448.7038135853144,449.5571444895013,449.8386599879039,449.634990753294
1.3800000000000008,0.082293873393,0.141987060907,12.3601754804,0.0805849980193,6.25225149661,0.0,0.240404779212,0.425660569336,3.27551318807,0.104141483746,0.0231901990278,0.0,414.53504025654036,415.0185646918979,415.4647595148483,414.32146576744145
1.4400000000000008,0.0972549001293,0.168957619303,12.5565291466,0.0865741575259,6.2542325459,0.0,0.258144398691,0.473886439022,3.26957168892,0.0893627657669,0.0476736292385,0.0,412.68999883434026,414.8460121196456,414.1529612984448,412.860306252362
1.5000000000000009,0.113386024724,0.199370480609,12.7576141917,0.0916480637831,6.25750461414,0.0,0.279198148944,0.540413487418,3.43272465998,0.0726491601406,0.0655797002914,0.0,466.6916942263998,468.08903063890034,468.2590620848565,466.96242455052135
1.560000000000001,0.130535276456,0.233268556054,12.9618329875,0.0956719538479,6.26127023444,0.0,0.292140728669,0.589866201863,3.37470378953,0.0525296109327,0.0564262815191,0.0,397.4846956778645,396.6482501934707,397.6970783067559,395.853673530409
1.620000000000001,0.148599156812,0.271084154568,13.171785114,0.0991832676054,6.26473687208,0.0,0.309543224694,0.670989452004,3.6228887478,0.0684025003406,0.0603499431305,0.0,493.4563749449201,493.7478790780282,492.102636117273,493.2781837238914
1.680000000000001,0.167550802547,0.313482836343,13.3928732406,0.103497823568,6.26870818722,0.0,0.321763970063,0.742697241844,3.74625497369,0.0781306336896,0.0758569265159,0.0,457.1089477807864,458.3461369388109,457.8189292008689,458.5961273278581
1.740000000000001,0.187104540042,0.359955957645,13.6182879273,0.108152776862,6.27291541737,0.0,0.32962224193,0.80681311856,3.76743504448,0.0764639157861,0.0550456950753,0.0,427.34276556860215,425.5688438092437,426.63470954155895,426.4974275586356
1.8000000000000012,0.207063750829,0.410453988134,13.8458278138,0.112346719801,6.27680857592,0.0,0.335333718505,0.876845941473,3.8169920355,0.0516444811173,0.0795535404369,0.0,434.35470686521535,436.40837454575797,437.75766118272463,435.6909942024534
1.8600000000000012,0.227277757602,0.465067859254,14.0749276363,0.115302892781,6.28166048906,0.0,0.33803923033,0.943868403438,3.81960755974,0.0440394851242,0.083365858369,0.0,421.4976090365724,421.832631975882,420.9774437135552,420.3204719157959
1.9200000000000013,0.247567787509,0.524142423616,14.3075339893,0.118183572695,0.00387932370157,0.0,0.337744520159,1.02551153098,3.93348572115,0.054958992389,0.100903972901,0.0,456.7757056765719,458.1786854918496,455.9530972147732,456.82601503612426
1.9800000000000013,0.267732234867,0.587894808774,14.5446068945,0.121672297444,0.0105780015319,0.0,0.333802391746,1.09985077095,3.96875191509,0.0638560812338,0.127302836406,0.0,432.08860668458937,434.31961743543826,432.5186785554307,433.26983258933393
2.0400000000000014,0.287477686636,0.656680925718,14.7879217014,0.125967619029,0.0187732551201,0.0,0.323479768748,1.19338567065,4.14102072409,0.0837491110068,0.150612115221,0.0,474.5403209473106,476.3418977836337,475.6382301891132,477.1628612858171
2.1000000000000014,0.306452496,0.730903224941,15.0393994912,0.130959946484,0.0285808078036,0.0,0.308041028308,1.28113240853,4.24107682462,0.0820960932857,0.181285518484,0.0,454.7189436051715,457.19363652725457,455.2546546120141,455.1278220573243
2.1600000000000015,0.324350388537,0.810228286988,15.2948940056,0.135659517808,0.0393275928266,0.0,0.287549162054,1.36343869007,4.27515037029,0.0694610914607,0.174377466429,0.0,435.85909517388643,435.312980537331,436.4372894016609,435.3863106318505
2.2200000000000015,0.340763596566,0.894748216842,15.5536823446,0.140929683064,0.0500120602828,0.0,0.258517087718,1.45429976847,4.35068377756,0.110519851493,0.184589272736,0.0,448.0900873067196,448.9497091642945,448.8995492420923,452.22503572865025
2.2800000000000016,0.355339558904,0.984494200739,15.8146505951,0.147250450864,0.0609300545098,0.0,0.226382067552,1.53776614307,4.34808464028,0.0922174622888,0.176134036148,0.0,425.6858901144129,424.99528220943773,426.01361518965416,424.45566956231795
2.3400000000000016,0.367401939102,1.08027164508,16.081603578,0.153059630589,0.0710958439711,0.0,0.174518692639,1.65531690811,4.54930545586,0.104715964307,0.150620713291,0.0,489.2424418757234,487.36317768221477,488.9476340190445,489.88496814994045
2.4000000000000017,0.376241865664,1.18296986991,16.3588782418,0.159712289652,0.0799376044903,0.0,0.119214665637,1.76852144971,4.69232854985,0.120985592017,0.139896949603,0.0,474.3076587624027,473.5020837889507,473.07019443857286,474.3313530638091
2.4600000000000017,0.381602786953,1.29253764203,16.6442868723,0.167716929975,0.088881911343,0.0,0.0586010373702,1.88441467143,4.82043517931,0.150821404953,0.162967337254,0.0,470.7654972787658,472.5665206261355,469.3453734305008,471.6702952641677
2.520000000000002,0.38361789096,1.40832038122,16.9320178763,0.176652685494,0.0983915428131,0.0,0.00777777220019,1.97571150043,4.77051339136,0.14485304712,0.147589857625,0.0,415.6368456044946,414.3123508108889,416.71706335251685,416.2173807320195
2.580000000000002,0.382100155407,1.53030216439,17.2199586855,0.186047050168,0.107014300815,0.0,-0.0591766092778,2.09110860353,4.826894943,0.173262188359,0.134551896856,0.0,451.7087697827498,450.67482685339553,449.68569999161974,452.00357488709125
2.640000000000002,0.376259164323,1.65962622208,17.5124927424,0.196121229864,0.114677359386,0.0,-0.136271030242,2.22057868044,4.92336463107,0.154162276389,0.108342698144,0.0,466.0032533738648,463.9634418827905,465.6149536056613,464.14344229009936
2.700000000000002,0.365469702593,1.7971984846,17.8121876608,0.205379757637,0.121203196189,0.0,-0.223990391214,2.36594782723,5.06535145178,0.154599867923,0.109592697988,0.0,481.514337421367,481.61832430281527,479.529910378716,479.5837331950469
2.760000000000002,0.349446054539,1.94339486043,18.1189581093,0.21493939478,0.128010767269,0.0,-0.310734978843,2.50802819774,5.15940054126,0.167404525552,0.120241678034,0.0,467.7032724497442,468.5427281950971,467.9491628605477,468.96753453377556
2.820000000000002,0.328663169136,2.09732939672,18.426890324,0.224662447315,0.135048376104,0.0,-0.382605277965,2.6238624219,5.10480868932,0.14832811288,0.110633954335,0.0,422.8816886444848,422.06618793636966,422.3737224982098,420.7512587619357
2.880000000000002,0.302810249969,2.25941078138,18.7360871596,0.23326532721,0.141427037073,0.0,-0.479730353609,2.77950849842,5.20075355942,0.130998778819,0.0958527704604,0.0,471.93001092954177,470.7966360308465,472.0833619741473,470.76179939690024
2.940000000000002,0.272176579744,2.42908180711,19.0430056831,0.241110026887,0.147611502928,0.0,-0.541854783296,2.87675364437,5.03029696379,0.130233092172,0.114583709262,0.0,382.01673371170233,383.8099591035069,382.6580993111603,382.6038920144682
3.000000000000002,0.236755284097,2.6062392665,19.3460004651,0.248441729751,0.154914436146,0.0,-0.639458649782,3.02900723803,5.06880734361,0.0968579911381,0.133107646545,0.0,453.8370739901474,455.3345165659921,456.18989839290987,453.5291342293852
3.0600000000000023,0.195754888313,2.79198463445,19.6486670919,0.25388640848,0.16280994976,0.0,-0.727865690251,3.16285027708,5.0198498827,0.0742808356663,0.12837733374,0.0,427.4556894173946,427.06896969445427,428.15400411968056,426.2355225552471
3.1200000000000023,0.149128274088,2.98611506634,19.9494783055,0.258117749954,0.170585345951,0.0,-0.826993671493,3.30836408529,5.00678679469,0.0616884681921,0.131908718488,0.0,439.5745682497435,439.88272581061614,440.564878188309,439.52609856371635
3.1800000000000024,0.0965426820281,3.1888356288,20.2487610785,0.261915269991,0.178736033806,0.0,-0.92651421766,3.44914034131,4.96902817195,0.0663189325206,0.142732594778,0.0,432.2468301361537,433.1757096858658,432.0039307086927,432.39730191564496
3.2400000000000024,0.0379410390211,3.39990436821,20.5452372782,0.26547719255,0.187012653369,0.0,-1.02755355811,3.5866429914,4.91330250661,0.0394493186386,0.126062644477,0.0,427.1636264995668,425.75775236293026,428.59017527728327,426.30235618871853
3.3000000000000025,-0.0280044138593,3.62082991855,20.8441490886,0.26774249483,0.194365367055,0.0,-1.17125398817,3.77735574567,5.04921804204,0.0341316665972,0.114380904518,0.0,490.45062257969664,489.5940877151254,488.7245565412873,488.32851980458594
3.3600000000000025,-0.102526467157,3.85293599739,21.1501674631,0.269415121201,0.200929872134,0.0,-1.31334617472,3.95930435427,5.15036199729,0.0108551038861,0.096938124859,0.0,481.9804462115373,480.6695490193458,481.7780308467162,480.01469886996756
3.4200000000000026,-0.184993688726,4.09502248969,21.4588517244,0.270427877612,0.206558555149,0.0,-1.43601004191,4.11007360678,5.1387460707,0.0268066532709,0.0866872908549,0.0,447.5226400964523,446.69465458622926,446.5355132559224,447.83509850291057
3.4800000000000026,-0.275420112036,4.34677632485,21.7691068282,0.27228148521,0.211231060816,0.0,-1.57855781156,4.28151953793,5.20225797975,0.038018269812,0.0474083443892,0.0,474.02298321456635,470.9982693887522,471.67223346795527,472.537730452433
3.5400000000000027,-0.374133063559,4.60837926241,22.0815699883,0.274236097859,0.213976014753,0.0,-1.71204039679,4.43848271969,5.21266300809,0.0185323032239,0.0422066031794,0.0,456.8678679042732,456.4540037529492,458.17382405554446,456.62198849158915
3.6000000000000028,-0.48107432166,4.87960534279,22.3953832308,0.274938381608,0.216668744647,0.0,-1.85280092284,4.60213571749,5.24715905463,-0.00767343851059,0.0497478537967,0.0,465.63347018527776,466.22422863268037,466.8811785170935,464.83154764291595
3.660000000000003,-0.595855530537,5.15980635118,22.7083686165,0.27519845247,0.220276302565,0.0,-1.97352152553,4.73769573117,5.18564385154,0.0213376589692,0.0753938954456,0.0,433.61270178875776,435.76486986497,434.84880120848356,437.272861567428
3.720000000000003,-0.71783695057,5.44797743151,23.0171847307,0.27600937388,0.225072942264,0.0,-2.09291923656,4.86790567704,5.10819942449,-0.0106627280027,0.087763954202,0.0,429.56797418194697,430.62123511286495,431.4066111489895,428.6953396622608
3.780000000000003,-0.848105348587,5.74515926839,23.3256992461,0.275216551034,0.230340638289,0.0,-2.24972594282,5.03763764569,5.17478595639,-0.01887800009,0.0878567790752,0.0,476.81231050222993,476.8252229160265,478.73772588790314,478.11221581212095
3.840000000000003,-0.987255138857,6.05172361089,23.6355872177,0.273954835343,0.235351014617,0.0,-2.38900865666,5.18076019384,5.15450682048,-0.0257193999075,0.072963144613,0.0,452.08067087997523,450.8842091571683,451.49012851165656,450.93769121768054
3.900000000000003,-1.13464870984,6.36657491243,23.9434352639,0.27265497972,0.239765115192,0.0,-2.52447952532,5.31389994835,5.10697163442,-0.0145874124578,0.0747514207364,0.0,442.80223121046924,442.95358422060036,442.36172500817736,443.2776608611494
3.960000000000003,-1.29097517838,6.69013997036,24.251264995,0.271307355747,0.244679306033,0.0,-2.68672375593,5.47106590774,5.15329143273,-0.0469097512119,0.0933243673925,0.0,472.71246703062707,474.1467161409222,475.6512849024836,473.1687509328702
4.020000000000002,-1.45718401535,7.02309176407,24.5620182687,0.268491676239,0.250627448931,0.0,-2.85399380038,5.62658761732,5.20442560975,-0.0469644865399,0.108763902455,0.0,476.4576790323556,477.64450718993635,476.8064334300648,476.8011001395473
4.080000000000001,-1.63184016534,7.36349558927,24.8693934231,0.265858434214,0.256681445188,0.0,-2.96849272333,5.71992472529,5.04198497766,-0.0383528709444,0.0765307063909,0.0,407.4808857417616,404.5975836873017,405.091331587045,405.86390486102226
4.14,-1.81529053843,7.71124550701,25.1737618949,0.263352874424,0.261167611321,0.0,-3.14681407699,5.87102335297,5.10284022791,-0.0496299478709,0.0709934745994,0.0,481.1663531770907,480.75077983358807,480.2358107825328,479.3786349647744
4.199999999999998,-2.00917593985,8.06760043556,25.4804644668,0.260862946892,0.265417202436,0.0,-3.31634777989,6.00681629736,5.12006494653,-0.0288416647549,0.0704906787008,0.0,468.2299781797441,468.19441118166986,467.303972699124,468.9211183150183
4.259999999999997,-2.21281582853,8.43152331366,25.7863890375,0.258917776383,0.269409836604,0.0,-3.47201665062,6.12348630421,5.07723789463,-0.040756701212,0.0571777863333,0.0,449.7673763550998,448.6907698249228,450.46326981374716,449.4980519963831
4.319999999999996,-2.42588976824,8.80237029776,26.0897901007,0.256524220917,0.272462938423,0.0,-3.6307619065,6.23756916118,5.03598271481,-0.0382184976712,0.0337189098712,0.0,450.8952498346497,448.9970633951416,450.92213242427835,451.1264002777869
4.379999999999995,-2.64855535115,9.17997012387,26.3907243156,0.254440648429,0.274395106421,0.0,-3.79164583305,6.34860990231,4.99503281094,-0.0285259084768,0.0289843837779,0.0,450.500495479524,450.11776570007555,451.0669876380275,451.84876179491977
4.439999999999993,-2.88091570172,9.56413636884,26.6891676404,0.252523663572,0.276256355534,0.0,-3.95391541809,6.4564844046,4.95294418597,-0.0398680022946,0.0348101592178,0.0,449.5183745396675,449.9906652089662,452.30187329198213,451.38686387694656
4.499999999999992,-3.12223381157,9.95395528999,26.9822454274,0.250102460787,0.27840725603,0.0,-4.09042079207,6.53716577456,4.81679008986,-0.0413419757977,0.0378473729815,0.0,418.7955530420167,419.06038214896944,417.962923076594,417.8334483914487
4.559999999999991,-3.37164593772,10.3483965901,27.2666444348,0.247738343756,0.280366142024,0.0,-4.22375320696,6.61059323144,4.66374647705,-0.0357806098771,0.0194231451138,0.0,412.3111246719471,410.6801175195409,410.53477974380553,411.0271752307543
4.6199999999999894,-3.63075862585,10.7485616897,27.547413613,0.246257402145,0.281430177079,0.0,-4.41341212977,6.72767273771,4.69464949287,-0.00863092189464,0.0141214342732,0.0,472.1665039828513,471.7571167761811,472.3390240070051,474.4285427871251
4.679999999999988,-3.90055049596,11.1550457224,27.827522443,0.246020060569,0.282548372747,0.0,-4.57985427677,6.82149579527,4.64218670616,0.00405428576992,0.0264083054263,0.0,446.002850987534,447.00546931911134,446.242595900942,447.27724954610693
4.739999999999987,-4.17935341253,11.5662471149,28.1010482311,0.246387084408,0.284155596106,0.0,-4.71401132795,6.88514338687,4.47587797714,0.00995282251371,0.0275338871979,0.0,406.2769152341326,406.37808725433956,406.8226947189007,407.3505822135586
4.799999999999986,-4.4683512772,11.9829707946,28.3715233687,0.246407470568,0.285954130528,0.0,-4.91932748188,7.00523113185,4.53901523447,-0.038247624787,0.0344585875878,0.0,483.5056298250863,484.027375461033,484.90426089113004,481.2688560871246
4.859999999999984,-4.76914605246,12.4063448009,28.6438164305,0.244339569033,0.287695450733,0.0,-5.10740186253,7.10666712638,4.53699945709,-0.0278092898029,0.0149933326293,0.0,464.06951333116496,462.53886309523597,465.32503903339517,466.141221525891
4.919999999999983,-5.08054095554,12.8351021485,28.9135232904,0.242902035676,0.288340951427,0.0,-5.27273544771,7.18489699846,4.4533392647,-0.0171973890807,0.000549891247515,0.0,439.2637558770112,438.06390422338285,437.0767914405016,437.9604817279451
4.979999999999982,-5.40276493809,13.2691757634,29.1810145693,0.241865843967,0.287968541691,0.0,-5.46814139688,7.28376501685,4.46256236919,-0.0174151946971,-0.0252810370826,0.0,469.30286038940716,467.29312102080223,469.3251465330044,469.3083319457857
5.0399999999999805,-5.7372298772,13.7095005633,29.4506343601,0.240735027743,0.286498767679,0.0,-5.68056698206,7.39318945492,4.52401446065,-0.0218760499467,-0.0229712652755,0.0,486.1785125161094,486.35155736650194,486.4210884107324,486.08690980552086
